6873752534
6563684526
702683089
2042463894
6505334216
6665944031
7114589014
6590634748
6557990720
845878431
6788501813
6869208801
6116825255
1037069357
6612188685
6909784150
7166796841
6864326036
7170021020
6730279457
6983160777
6525814753
6930013145
7043006424
7033760840
7282356131
7030914670
6234857847
2084319609
6382246492
6766034552
1782924301
6525417302
6615238821
7342004288
1035083770
736750086
6477320319
6542782357
1610718790
6832881895
6148164331
5279056320
2040357757
975672165
6208708388
6689388355
7498786388
7844108354
6741161731
7180887561
5218071552
6705617536
468888043
6876914577
5307574855
7464394282
1578830885
5218071552
1077806594
5816062978
736750086
7180887561
1505712649
1782924301
8019942926
6989398032
726629396
679138847
1578830885
1507038757
6088410664
7464394282
6451327020
5586088502
6840149559
7543884345
5063219774
7342004288
7844108354
7546224194
1610718790
5307574855
7033760840
7301051975
6829368394
5435788873
1546509906
7498786388
7131230810
6382246492
5776361062
5859913831
7147398252
7030914670
951716974
1411606638
6953133170
5011713140
1950852213
6766034552
6860898942
6477320319
6705617536
2003327105
7131419267
5155266695
5245719689
6074116233
1764634254
959481491
6646120083
5030586526
1321421475
6615238821
5111811750
7904041639
6023542964
5494698166
7542818494
7164324552
732589257
5262029
8170291409
1668199644
6234921696
7952648930
1673695973
6775317222
6832881895
5171517674
6148164331
6403635953
8089100024
7110109432
1026700030
6741161731
5781486851
7549649667
6695259919
6050516753
1487858968
5506884378
7566823197
1499767073
6208708388
6475639080
1374409521
6738474296
6744640828
6567639871
6689388355
1240561989
6768569162
1841366350
2042215250
6525417302
1377214818
1891677027
975672165
1081321829
7562254185
1810199916
972625781
6234857847
1412642169
2084319609
2040357757
892625278
5334362511
6876914577
6542782357
6840932245
6733428127
7282356131
6083657124
5634735018
5142851508
1862236600
943979453
923149759
5279056320
1499145151
1682306501
7579837896
468888043
1433061875
1035083770
6719541243
7000173288
6534941095
6506000919
7817611895
6530122579
2035635735
7636443172
5076907497
5015054997
7298422297
7025148210
6650129669
7120144481
5282320564
5957391080
5291141435
5301634569
6269296333
5605471191
6057158198
5967894019
1866554076
1969781164
7609917471
973644504
7554097758